Teams	1	2	T	Field Goal %	Three Point %	Free Throw %	Rebounds	Offensive Rebounds	Defensive Rebounds	Assists	Steals	Blocks	Total Turnovers	Fouls	Technical Fouls	Flagrant Fouls	Largest Lead	Line	Favored Team	Spread	Teams Alt	OT
UNCW	-11.0	-2.0	-13.0	-16.499999999999996	5.0	-1.7000000000000028	5.0	9.0	-4.0	-1.0	1.0	-5.0	2.0	6.0	0.0	0.0	-10.0	Line: UNC -23.0	UNC	23.0	UNC Wilmington Seahawks	
UNC	11.0	2.0	13.0	16.499999999999996	-5.0	1.7000000000000028	-5.0	-9.0	4.0	1.0	-1.0	5.0	-2.0	-6.0	0.0	0.0	10.0	Line: UNC -23.0	UNC	-23.0	North Carolina Tar Heels	
UNF	-30.0	-11.0	-41.0	-28.6	-15.000000000000004	-22.199999999999996	-11.0	2.0	-13.0	-9.0	-8.0	-1.0	8.0	-7.0	1.0	0.0	-40.0	Line: GONZ -30.5	GONZ	30.5	North Florida Ospreys	
GONZ	30.0	11.0	41.0	28.6	15.000000000000004	22.199999999999996	11.0	-2.0	13.0	9.0	8.0	1.0	-8.0	7.0	-1.0	0.0	40.0	Line: GONZ -30.5	GONZ	-30.5	Gonzaga Bulldogs	
UNCO	-19.0	-28.0	-47.0	-18.799999999999997	-14.099999999999998	-11.200000000000003	-12.0	-11.0	-1.0	-11.0	-11.0	-3.0	15.0	-1.0	0.0	0.0	-47.0	Line: HOU -23.5	HOU	23.5	Northern Colorado Bears	
HOU	19.0	28.0	47.0	18.799999999999997	14.099999999999998	11.200000000000003	12.0	11.0	1.0	11.0	11.0	3.0	-15.0	1.0	0.0	0.0	47.0	Line: HOU -23.5	HOU	-23.5	Houston Cougars	
HOW	-23.0	-9.0	-32.0	-20.5	-17.799999999999997	19.800000000000004	-5.0	3.0	-8.0	-10.0	-6.0	-4.0	6.0	7.0	0.0	0.0	-37.0	Line: UK -25.0	UK	25.0	Howard Bison	
UK	23.0	9.0	32.0	20.5	17.799999999999997	-19.800000000000004	5.0	-3.0	8.0	10.0	6.0	4.0	-6.0	-7.0	0.0	0.0	37.0	Line: UK -25.0	UK	-25.0	Kentucky Wildcats	
MVSU	-40.0	-24.0	-64.0	-18.699999999999996	-18.1	-5.300000000000004	-24.0	-13.0	-11.0	-14.0	-5.0	-6.0	16.0	4.0	0.0	0.0	-65.0	Line: BAY -44.5	BAY	44.5	Mississippi Valley State Delta Devils	
BAY	40.0	24.0	64.0	18.699999999999996	18.1	5.300000000000004	24.0	13.0	11.0	14.0	5.0	6.0	-16.0	-4.0	0.0	0.0	65.0	Line: BAY -44.5	BAY	-44.5	Baylor Bears	
OMA	-13.0	-12.0	-25.0	-13.600000000000001	-17.099999999999998	25.60000000000001	-15.0	-8.0	-7.0	-14.0	-4.0	-4.0	4.0	-4.0	0.0	0.0	-26.0	Line: KU -33.5	KU	33.5	Omaha Mavericks	
KU	13.0	12.0	25.0	13.600000000000001	17.099999999999998	-25.60000000000001	15.0	8.0	7.0	14.0	4.0	4.0	-4.0	4.0	0.0	0.0	26.0	Line: KU -33.5	KU	-33.5	Kansas Jayhawks	
JAX	-16.0	-11.0	-27.0	-11.799999999999997	-21.5	36.4	-19.0	-9.0	-10.0	-7.0	-1.0	0.0	-1.0	6.0	0.0	0.0	-27.0	Line: DUKE -15.0	DUKE	15.0	Jacksonville Dolphins	
DUKE	16.0	11.0	27.0	11.799999999999997	21.5	-36.4	19.0	9.0	10.0	7.0	1.0	0.0	1.0	-6.0	0.0	0.0	27.0	Line: DUKE -15.0	DUKE	-15.0	Duke Blue Devils	
SAC	-14.0	-12.0	-26.0	-18.6	-48.9	18.799999999999997	4.0	6.0	-2.0	-5.0	-10.0	-5.0	12.0	-2.0	-2.0	0.0	-23.0	Line: UCLA -25.5	UCLA	25.5	Sacramento State Hornets	
UCLA	14.0	12.0	26.0	18.6	48.9	-18.799999999999997	-4.0	-6.0	2.0	5.0	10.0	5.0	-12.0	2.0	2.0	0.0	23.0	Line: UCLA -25.5	UCLA	-25.5	UCLA Bruins	
STMN	-5.0	-7.0	-12.0	2.0	17.4	-10.700000000000003	-4.0	-6.0	2.0	-1.0	-1.0	-4.0	9.0	5.0	0.0	0.0	-14.0	Line: CREI -28.0	CREI	28.0	St. Thomas - Minnesota Tommies	
CREI	5.0	7.0	12.0	-2.0	-17.4	10.700000000000003	4.0	6.0	-2.0	1.0	1.0	4.0	-9.0	-5.0	0.0	0.0	14.0	Line: CREI -28.0	CREI	-28.0	Creighton Bluejays	
NDSU	-8.0	-10.0	-18.0	-15.200000000000003	-16.2	-4.3999999999999915	-5.0	1.0	-6.0	-3.0	-6.0	-2.0	3.0	-3.0	-1.0	0.0	-21.0	Line: ARK -22.5	ARK	22.5	North Dakota State Bison	
ARK	8.0	10.0	18.0	15.200000000000003	16.2	4.3999999999999915	5.0	-1.0	6.0	3.0	6.0	2.0	-3.0	3.0	1.0	0.0	21.0	Line: ARK -22.5	ARK	-22.5	Arkansas Razorbacks	
TNTC	-11.0	-21.0	-32.0	-7.5	-2.400000000000002	-36.8	-9.0	-10.0	1.0	-16.0	-9.0	-4.0	7.0	-1.0	0.0	0.0	-32.0	Line: TENN -35.5	TENN	35.5	Tennessee Tech Golden Eagles	
TENN	11.0	21.0	32.0	7.5	2.400000000000002	36.8	9.0	10.0	-1.0	16.0	9.0	4.0	-7.0	1.0	0.0	0.0	32.0	Line: TENN -35.5	TENN	-35.5	Tennessee Volunteers	
UTEP	-13.0	-2.0	-15.0	-14.399999999999999	4.699999999999996	-9.200000000000003	5.0	7.0	-2.0	-6.0	-1.0	0.0	4.0	10.0	0.0	0.0	-18.0	Line: TEX -21.5	TEX	21.5	UTEP Miners	
TEX	13.0	2.0	15.0	14.399999999999999	-4.699999999999996	9.200000000000003	-5.0	-7.0	2.0	6.0	1.0	0.0	-4.0	-10.0	0.0	0.0	18.0	Line: TEX -21.5	TEX	-21.5	Texas Longhorns	
MORE	-12.0	-23.0	-35.0	-24.0	-6.399999999999999	22.9	-5.0	1.0	-6.0	-8.0	-5.0	-3.0	11.0	7.0	1.0	0.0	-36.0	Line: IU -24.5	IU	24.5	Morehead State Eagles	
IU	12.0	23.0	35.0	24.0	6.399999999999999	-22.9	5.0	-1.0	6.0	8.0	5.0	3.0	-11.0	-7.0	-1.0	0.0	36.0	Line: IU -24.5	IU	-24.5	Indiana Hoosiers	
UAPB	11.0	-12.0	-1.0	2.3999999999999986	25.799999999999997	-1.0999999999999943	-4.0	-4.0	0.0	9.0	-1.0	3.0	2.0	11.0	1.0	0.0	15.0	Line: TCU -35.0	TCU	35.0	Arkansas-Pine Bluff Golden Lions	
TCU	-11.0	12.0	1.0	-2.3999999999999986	-25.799999999999997	1.0999999999999943	4.0	4.0	0.0	-9.0	1.0	-3.0	-2.0	-11.0	-1.0	0.0	-15.0	Line: TCU -35.0	TCU	-35.0	TCU Horned Frogs	
GMU	-7.0	-11.0	-18.0	3.700000000000003	19.0	-24.6	-11.0	-12.0	1.0	-3.0	-11.0	-6.0	10.0	7.0	0.0	0.0	-20.0	Line: AUB -10.0	AUB	10.0	George Mason Patriots	
AUB	7.0	11.0	18.0	-3.700000000000003	-19.0	24.6	11.0	12.0	-1.0	3.0	11.0	6.0	-10.0	-7.0	0.0	0.0	20.0	Line: AUB -10.0	AUB	-10.0	Auburn Tigers	
LAS	-14.0	1.0	-13.0	-15.799999999999997	-25.0	-20.900000000000006	-1.0	5.0	-6.0	-2.0	2.0	-4.0	0.0	-3.0	0.0	0.0	-21.0	Line: VILL -15.0	VILL	15.0	La Salle Explorers	
VILL	14.0	-1.0	13.0	15.799999999999997	25.0	20.900000000000006	1.0	-5.0	6.0	2.0	-2.0	4.0	0.0	3.0	0.0	0.0	21.0	Line: VILL -15.0	VILL	-15.0	Villanova Wildcats	
NICH	-22.0	-20.0	-42.0	-31.400000000000006	-22.200000000000003	-29.5	-19.0	4.0	-23.0	-19.0	10.0	-4.0	-8.0	7.0	0.0	0.0	-44.0	Line: ARIZ -24.5	ARIZ	24.5	Nicholls Colonels	
ARIZ	22.0	20.0	42.0	31.400000000000006	22.200000000000003	29.5	19.0	-4.0	23.0	19.0	-10.0	4.0	8.0	-7.0	0.0	0.0	44.0	Line: ARIZ -24.5	ARIZ	-24.5	Arizona Wildcats	
NCCU	-8.0	-4.0	-12.0	-1.1000000000000014	-1.8999999999999986	-9.0	-10.0	-2.0	-8.0	-8.0	2.0	0.0	0.0	13.0	0.0	0.0	-14.0	Line: UVA -24.0	UVA	24.0	North Carolina Central Eagles	
UVA	8.0	4.0	12.0	1.1000000000000014	1.8999999999999986	9.0	10.0	2.0	8.0	8.0	-2.0	0.0	0.0	-13.0	0.0	0.0	14.0	Line: UVA -24.0	UVA	-24.0	Virginia Cavaliers	
CSUF	-7.0	-16.0	-23.0	-14.599999999999994	-26.2	6.900000000000006	1.0	3.0	-2.0	-12.0	-6.0	2.0	6.0	4.0	0.0	0.0	-28.0	Line: SDSU -23.0	SDSU	23.0	Cal State Fullerton Titans	
SDSU	7.0	16.0	23.0	14.599999999999994	26.2	-6.900000000000006	-1.0	-3.0	2.0	12.0	6.0	-2.0	-6.0	-4.0	0.0	0.0	28.0	Line: SDSU -23.0	SDSU	-23.0	San Diego State Aztecs	
LONG	-8.0	-13.0	-21.0	-12.3	27.8	-11.300000000000004	-29.0	-10.0	-19.0	-2.0	2.0	-6.0	-9.0	4.0	0.0	0.0	-24.0	Line: ALA -14.5	ALA	14.5	Longwood Lancers	
ALA	8.0	13.0	21.0	12.3	-27.8	11.300000000000004	29.0	10.0	19.0	2.0	-2.0	6.0	9.0	-4.0	0.0	0.0	24.0	Line: ALA -14.5	ALA	-14.5	Alabama Crimson Tide	
FAMU	-11.0	-24.0	-35.0	-8.5	-7.300000000000001	17.9	-18.0	-13.0	-5.0	-10.0	-8.0	-5.0	11.0	10.0	1.0	0.0	-35.0	Line: ORE -30.5	ORE	30.5	Florida A&M Rattlers	
ORE	11.0	24.0	35.0	8.5	7.300000000000001	-17.9	18.0	13.0	5.0	10.0	8.0	5.0	-11.0	-10.0	-1.0	0.0	35.0	Line: ORE -30.5	ORE	-30.5	Oregon Ducks	
PFW	-12.0	-7.0	-19.0	-17.299999999999997	-7.300000000000001	4.700000000000003	6.0	11.0	-5.0	-6.0	-5.0	-6.0	6.0	2.0	0.0	0.0	-20.0	Line: MICH -15.5	MICH	15.5	Purdue Fort Wayne Mastodons	
MICH	12.0	7.0	19.0	17.299999999999997	7.300000000000001	-4.700000000000003	-6.0	-11.0	5.0	6.0	5.0	6.0	-6.0	-2.0	0.0	0.0	20.0	Line: MICH -15.5	MICH	-15.5	Michigan Wolverines	
EIU	-15.0	-15.0	-30.0	-11.899999999999999	-14.600000000000001	5.5	-23.0	-10.0	-13.0	-7.0	2.0	-7.0	3.0	9.0	0.0	0.0	-33.0	Line: ILL -32.0	ILL	32.0	Eastern Illinois Panthers	
ILL	15.0	15.0	30.0	11.899999999999999	14.600000000000001	-5.5	23.0	10.0	13.0	7.0	-2.0	7.0	-3.0	-9.0	0.0	0.0	33.0	Line: ILL -32.0	ILL	-32.0	Illinois Fighting Illini	
LIN	-14.0	-13.0	-27.0	-14.399999999999999	-6.300000000000001	-23.800000000000004	-11.0	-1.0	-10.0	-12.0	0.0	-5.0	2.0	6.0	0.0	0.0	-34.0	Line: DAY -31.5	DAY	31.5	Lindenwood Lions	
DAY	14.0	13.0	27.0	14.399999999999999	6.300000000000001	23.800000000000004	11.0	1.0	10.0	12.0	0.0	5.0	-2.0	-6.0	0.0	0.0	34.0	Line: DAY -31.5	DAY	-31.5	Dayton Flyers	
NWST	-19.0	-5.0	-24.0	-23.800000000000004	-11.099999999999998	18.200000000000003	-12.0	5.0	-17.0	-8.0	9.0	-3.0	-6.0	8.0	0.0	0.0	-24.0	Line: TTU -28.0	TTU	28.0	Northwestern State Demons	
TTU	19.0	5.0	24.0	23.800000000000004	11.099999999999998	-18.200000000000003	12.0	-5.0	17.0	8.0	-9.0	3.0	6.0	-8.0	0.0	0.0	24.0	Line: TTU -28.0	TTU	-28.0	Texas Tech Red Raiders	
PAC	-12.0	2.0	-10.0	-18.6	0.30000000000000426	13.899999999999991	-5.0	3.0	-8.0	-7.0	2.0	-1.0	-4.0	9.0	0.0	0.0	-19.0	Line: STAN -14.5	STAN	14.5	Pacific Tigers	
STAN	12.0	-2.0	10.0	18.6	-0.30000000000000426	-13.899999999999991	5.0	-3.0	8.0	7.0	-2.0	1.0	4.0	-9.0	0.0	0.0	19.0	Line: STAN -14.5	STAN	-14.5	Stanford Cardinal	
COPP	-13.0	-10.0	-23.0	-9.299999999999997	-20.9	-2.1000000000000085	-10.0	-5.0	-5.0	-8.0	-2.0	-3.0	1.0	3.0	0.0	0.0	-21.0	Line: CHAR -10.5	CHAR	10.5	Coppin State Eagles	
CHAR	13.0	10.0	23.0	9.299999999999997	20.9	2.1000000000000085	10.0	5.0	5.0	8.0	2.0	3.0	-1.0	-3.0	0.0	0.0	21.0	Line: CHAR -10.5	CHAR	-10.5	Charlotte 49ers	
UNO	-25.0	-11.0	-36.0	-15.099999999999994	20.8	0.6000000000000014	-5.0	-3.0	-2.0	-5.0	-6.0	-2.0	15.0	8.0	0.0	0.0	-33.0	Line: BUT -18.5	BUT	18.5	New Orleans Privateers	
BUT	25.0	11.0	36.0	15.099999999999994	-20.8	-0.6000000000000014	5.0	3.0	2.0	5.0	6.0	2.0	-15.0	-8.0	0.0	0.0	33.0	Line: BUT -18.5	BUT	-18.5	Butler Bulldogs	
MRMK	-21.0	-4.0	-25.0	-18.4	-17.8	-14.0	-21.0	-4.0	-17.0	-6.0	0.0	-3.0	-8.0	-6.0	-2.0	0.0	-27.0	Line: SJU -20.5	SJU	20.5	Merrimack Warriors	
SJU	21.0	4.0	25.0	18.4	17.8	14.0	21.0	4.0	17.0	6.0	0.0	3.0	8.0	6.0	2.0	0.0	27.0	Line: SJU -20.5	SJU	-20.5	St. John's Red Storm	
VAL	-26.0	11.0	-15.0	3.5	2.8999999999999986	-14.599999999999994	-5.0	-6.0	1.0	0.0	-9.0	-3.0	9.0	4.0	0.0	0.0	-27.0	Line: TOL -13.0	TOL	13.0	Valparaiso Beacons	
TOL	26.0	-11.0	15.0	-3.5	-2.8999999999999986	14.599999999999994	5.0	6.0	-1.0	0.0	9.0	3.0	-9.0	-4.0	0.0	0.0	27.0	Line: TOL -13.0	TOL	-13.0	Toledo Rockets	
SDST	6.0	-6.0	-1.0	9.0	-8.8	-0.8999999999999915	4.0	-4.0	8.0	-5.0	-2.0	-1.0	4.0	-2.0	0.0	0.0	2.0	Line: AKR -3.5	AKR	3.5	South Dakota State Jackrabbits	10.0
AKR	-6.0	6.0	1.0	-9.0	8.8	0.8999999999999915	-4.0	4.0	-8.0	5.0	2.0	1.0	-4.0	2.0	0.0	0.0	-2.0	Line: AKR -3.5	AKR	-3.5	Akron Zips	11.0
GB	-3.0	-24.0	-27.0	-15.899999999999999	-20.499999999999996	16.700000000000003	-9.0	-1.0	-8.0	-15.0	-3.0	3.0	1.0	-3.0	-1.0	0.0	-23.0	Line: INST -17.5	INST	17.5	Green Bay Phoenix	
INST	3.0	24.0	27.0	15.899999999999999	20.499999999999996	-16.700000000000003	9.0	1.0	8.0	15.0	3.0	-3.0	-1.0	3.0	1.0	0.0	23.0	Line: INST -17.5	INST	-17.5	Indiana State Sycamores	
NJIT	-21.0	7.0	-14.0	-8.899999999999999	-9.100000000000001	-15.900000000000006	-1.0	-1.0	0.0	-5.0	-2.0	-2.0	4.0	-10.0	0.0	0.0	-24.0	Line: SPU -8.5	SPU	8.5	NJIT Highlanders	
SPU	21.0	-7.0	14.0	8.899999999999999	9.100000000000001	15.900000000000006	1.0	1.0	0.0	5.0	2.0	2.0	-4.0	10.0	0.0	0.0	24.0	Line: SPU -8.5	SPU	-8.5	Saint Peter's Peacocks	
COLG	3.0	-4.0	-1.0	-0.19999999999999574	7.100000000000001	11.0	10.0	0.0	10.0	2.0	-6.0	-2.0	5.0	-5.0	0.0	0.0	2.0	Line: COLG -3.0	COLG	-3.0	Colgate Raiders	
BUFF	-3.0	4.0	1.0	0.19999999999999574	-7.100000000000001	-11.0	-10.0	0.0	-10.0	-2.0	6.0	2.0	-5.0	5.0	0.0	0.0	-2.0	Line: COLG -3.0	COLG	3.0	Buffalo Bulls	
SIE	11.0	-4.0	7.0	4.399999999999999	21.200000000000003	13.600000000000001	4.0	-3.0	7.0	6.0	-5.0	-1.0	1.0	0.0	0.0	0.0	15.0	Line: SIE -1.0	SIE	-1.0	Siena Saints	
HC	-11.0	4.0	-7.0	-4.399999999999999	-21.200000000000003	-13.600000000000001	-4.0	3.0	-7.0	-6.0	5.0	1.0	-1.0	0.0	0.0	0.0	-15.0	Line: SIE -1.0	SIE	1.0	Holy Cross Crusaders	
ALB	-10.0	5.0	-5.0	-7.600000000000001	7.299999999999997	-7.900000000000006	2.0	2.0	0.0	1.0	-1.0	1.0	2.0	5.0	0.0	0.0	-13.0	Line: TOW -16.5	TOW	16.5	Albany Great Danes	
TOW	10.0	-5.0	5.0	7.600000000000001	-7.299999999999997	7.900000000000006	-2.0	-2.0	0.0	-1.0	1.0	-1.0	-2.0	-5.0	0.0	0.0	13.0	Line: TOW -16.5	TOW	-16.5	Towson Tigers	
HCU	9.0	-20.0	-11.0	-10.899999999999999	33.400000000000006	13.299999999999997	0.0	2.0	-2.0	1.0	-7.0	-7.0	8.0	3.0	0.0	0.0	4.0	Line: FIU -13.5	FIU	13.5	Houston Christian Huskies	
FIU	-9.0	20.0	11.0	10.899999999999999	-33.400000000000006	-13.299999999999997	0.0	-2.0	2.0	-1.0	7.0	7.0	-8.0	-3.0	0.0	0.0	-4.0	Line: FIU -13.5	FIU	-13.5	Florida International Panthers	
UMES	-7.0	-12.0	-19.0	-10.399999999999999	14.100000000000001	-5.599999999999994	-21.0	-9.0	-12.0	-2.0	1.0	-4.0	0.0	6.0	0.0	0.0	-16.0	Line: ODU -11.0	ODU	11.0	Maryland-Eastern Shore Hawks	
ODU	7.0	12.0	19.0	10.399999999999999	-14.100000000000001	5.599999999999994	21.0	9.0	12.0	2.0	-1.0	4.0	0.0	-6.0	0.0	0.0	16.0	Line: ODU -11.0	ODU	-11.0	Old Dominion Monarchs	
IDHO	-5.0	0.0	-5.0	-9.0	-17.5	12.100000000000001	-6.0	1.0	-7.0	-3.0	3.0	-5.0	0.0	8.0	0.0	0.0	-7.0	Line: DEN -9.5	DEN	9.5	Idaho Vandals	
DEN	5.0	0.0	5.0	9.0	17.5	-12.100000000000001	6.0	-1.0	7.0	3.0	-3.0	5.0	0.0	-8.0	0.0	0.0	7.0	Line: DEN -9.5	DEN	-9.5	Denver Pioneers	
WAG	-3.0	3.0	3.0	3.3000000000000043	3.0	-18.5	2.0	3.0	-1.0	0.0	3.0	-6.0	-5.0	0.0	0.0	0.0	-10.0	Line: TEM -16.0	TEM	16.0	Wagner Seahawks	7.0
TEM	3.0	-3.0	-3.0	-3.3000000000000043	-3.0	18.5	-2.0	-3.0	1.0	0.0	-3.0	6.0	5.0	0.0	0.0	0.0	10.0	Line: TEM -16.0	TEM	-16.0	Temple Owls	4.0
KENT	6.0	16.0	22.0	24.5	35.7	-35.2	-8.0	-10.0	2.0	11.0	0.0	1.0	-1.0	6.0	0.0	0.0	28.0	Line: NKU -1.0	NKU	1.0	Kent State Golden Flashes	
NKU	-6.0	-16.0	-22.0	-24.5	-35.7	35.2	8.0	10.0	-2.0	-11.0	0.0	-1.0	1.0	-6.0	0.0	0.0	-28.0	Line: NKU -1.0	NKU	-1.0	Northern Kentucky Norse	
MAN	-18.0	1.0	-17.0	8.600000000000001	2.4000000000000057	6.699999999999996	-3.0	-10.0	7.0	0.0	-10.0	1.0	13.0	11.0	0.0	0.0	-19.0	Line: VCU -22.5	VCU	22.5	Manhattan Jaspers	
VCU	18.0	-1.0	17.0	-8.600000000000001	-2.4000000000000057	-6.699999999999996	3.0	10.0	-7.0	0.0	10.0	-1.0	-13.0	-11.0	0.0	0.0	19.0	Line: VCU -22.5	VCU	-22.5	VCU Rams	
SFPA	0.0	-13.0	-13.0	-7.299999999999997	0.0	1.7000000000000028	-2.0	-2.0	0.0	-1.0	-4.0	-2.0	5.0	0.0	0.0	0.0	-13.0	Line: SBU -11.0	SBU	11.0	St. Francis (PA) Red Flash	
SBU	0.0	13.0	13.0	7.299999999999997	0.0	-1.7000000000000028	2.0	2.0	0.0	1.0	4.0	2.0	-5.0	0.0	0.0	0.0	13.0	Line: SBU -11.0	SBU	-11.0	St. Bonaventure Bonnies	
QUIN	3.0	2.0	5.0	5.199999999999996	18.2	-19.200000000000003	-3.0	-3.0	0.0	-4.0	1.0	0.0	-4.0	1.0	0.0	0.0	7.0	Line: URI -9.0	URI	9.0	Quinnipiac Bobcats	
URI	-3.0	-2.0	-5.0	-5.199999999999996	-18.2	19.200000000000003	3.0	3.0	0.0	4.0	-1.0	0.0	4.0	-1.0	0.0	0.0	-7.0	Line: URI -9.0	URI	-9.0	Rhode Island Rams	
PENN	-13.0	-15.0	-28.0	-8.099999999999994	-20.0	-8.0	-2.0	-5.0	3.0	-7.0	-6.0	2.0	13.0	0.0	0.0	0.0	-22.0	Line: IONA -6.0	IONA	6.0	Pennsylvania Quakers	
IONA	13.0	15.0	28.0	8.099999999999994	20.0	8.0	2.0	5.0	-3.0	7.0	6.0	-2.0	-13.0	0.0	0.0	0.0	22.0	Line: IONA -6.0	IONA	-6.0	Iona Gaels	
BRWN	-9.0	-6.0	-15.0	-9.599999999999994	-10.200000000000003	-21.099999999999994	-5.0	1.0	-6.0	-6.0	1.0	0.0	1.0	3.0	0.0	0.0	-17.0	Line: UVM -12.5	UVM	12.5	Brown Bears	
UVM	9.0	6.0	15.0	9.599999999999994	10.200000000000003	21.099999999999994	5.0	-1.0	6.0	6.0	-1.0	0.0	-1.0	-3.0	0.0	0.0	17.0	Line: UVM -12.5	UVM	-12.5	Vermont Catamounts	
AFA	-6.0	2.0	-4.0	0.7000000000000028	5.299999999999997	-13.200000000000003	-7.0	-5.0	-2.0	2.0	-3.0	4.0	1.0	3.0	0.0	0.0	-1.0	Line: BGSU -3.5	BGSU	3.5	Air Force Falcons	
BGSU	6.0	-2.0	4.0	-0.7000000000000028	-5.299999999999997	13.200000000000003	7.0	5.0	2.0	-2.0	3.0	-4.0	-1.0	-3.0	0.0	0.0	1.0	Line: BGSU -3.5	BGSU	-3.5	Bowling Green Falcons	
MRSH	-5.0	4.0	-1.0	-3.5	-6.799999999999997	8.299999999999997	-11.0	-2.0	-9.0	4.0	7.0	5.0	-9.0	3.0	0.0	0.0	6.0	Line: MRSH -4.5	MRSH	-4.5	Marshall Thundering Herd	
QUOC	5.0	-4.0	1.0	3.5	6.799999999999997	-8.299999999999997	11.0	2.0	9.0	-4.0	-7.0	-5.0	9.0	-3.0	0.0	0.0	-6.0	Line: MRSH -4.5	MRSH	4.5	Queens University Royals	
VMI	-7.0	-14.0	-21.0	-20.1	-3.8000000000000007	9.099999999999994	-5.0	6.0	-11.0	-7.0	-3.0	-4.0	2.0	8.0	-1.0	0.0	-22.0	Line: RICH -22.5	RICH	22.5	VMI Keydets	
RICH	7.0	14.0	21.0	20.1	3.8000000000000007	-9.099999999999994	5.0	-6.0	11.0	7.0	3.0	4.0	-2.0	-8.0	1.0	0.0	22.0	Line: RICH -22.5	RICH	-22.5	Richmond Spiders	
NAU	-14.0	-4.0	-18.0	-12.900000000000002	-6.599999999999998	-5.799999999999997	-9.0	-1.0	-8.0	-4.0	-1.0	-4.0	3.0	-3.0	0.0	0.0	-21.0	Line: MSU -21.0	MSU	21.0	Northern Arizona Lumberjacks	
MSU	14.0	4.0	18.0	12.900000000000002	6.599999999999998	5.799999999999997	9.0	1.0	8.0	4.0	1.0	4.0	-3.0	3.0	0.0	0.0	21.0	Line: MSU -21.0	MSU	-21.0	Michigan State Spartans	
TAR	-3.0	0.0	-3.0	0.6000000000000014	-10.7	11.100000000000001	-15.0	-11.0	-4.0	0.0	4.0	-7.0	-4.0	0.0	1.0	0.0	8.0	Line: ASU -14.5	ASU	14.5	Tarleton Texans	
ASU	3.0	0.0	3.0	-0.6000000000000014	10.7	-11.100000000000001	15.0	11.0	4.0	0.0	-4.0	7.0	4.0	0.0	-1.0	0.0	-8.0	Line: ASU -14.5	ASU	-14.5	Arizona State Sun Devils	
COLU	-10.0	-30.0	-40.0	-19.700000000000003	-35.2	18.799999999999997	-8.0	-7.0	-1.0	-17.0	-9.0	-1.0	14.0	-1.0	0.0	0.0	-43.0	Line: RUTG -18.5	RUTG	18.5	Columbia Lions	
RUTG	10.0	30.0	40.0	19.700000000000003	35.2	-18.799999999999997	8.0	7.0	1.0	17.0	9.0	1.0	-14.0	1.0	0.0	0.0	43.0	Line: RUTG -18.5	RUTG	-18.5	Rutgers Scarlet Knights	
WIN	-12.0	-13.0	-25.0	-10.100000000000001	-3.3999999999999986	23.700000000000003	-6.0	-3.0	-3.0	-12.0	-1.0	-2.0	6.0	-3.0	0.0	0.0	-25.0	Line: PSU -13.5	PSU	13.5	Winthrop Eagles	
PSU	12.0	13.0	25.0	10.100000000000001	3.3999999999999986	-23.700000000000003	6.0	3.0	3.0	12.0	1.0	2.0	-6.0	3.0	0.0	0.0	25.0	Line: PSU -13.5	PSU	-13.5	Penn State Nittany Lions	
RMU	-14.0	-24.0	-38.0	-24.000000000000004	-30.900000000000002	-9.0	-21.0	-1.0	-20.0	-12.0	-1.0	-4.0	-3.0	2.0	0.0	0.0	-38.0	Line: OSU -20.5	OSU	20.5	Robert Morris Colonials	
OSU	14.0	24.0	38.0	24.000000000000004	30.900000000000002	9.0	21.0	1.0	20.0	12.0	1.0	4.0	3.0	-2.0	0.0	0.0	38.0	Line: OSU -20.5	OSU	-20.5	Ohio State Buckeyes	
NIA	-7.0	-15.0	-22.0	-9.0	-45.0	-23.200000000000003	-4.0	2.0	-6.0	1.0	-6.0	-5.0	2.0	-2.0	0.0	0.0	-21.0	Line: MD -17.0	MD	17.0	Niagara Purple Eagles	
MD	7.0	15.0	22.0	9.0	45.0	23.200000000000003	4.0	-2.0	6.0	-1.0	6.0	5.0	-2.0	2.0	0.0	0.0	21.0	Line: MD -17.0	MD	-17.0	Maryland Terrapins	
BCU	-19.0	-12.0	-31.0	-15.900000000000006	-1.9999999999999964	28.599999999999994	-11.0	-1.0	-10.0	-14.0	-4.0	-3.0	5.0	4.0	0.0	0.0	-35.0	Line: IOWA -28.5	IOWA	28.5	Bethune-Cookman Wildcats	
IOWA	19.0	12.0	31.0	15.900000000000006	1.9999999999999964	-28.599999999999994	11.0	1.0	10.0	14.0	4.0	3.0	-5.0	-4.0	0.0	0.0	35.0	Line: IOWA -28.5	IOWA	-28.5	Iowa Hawkeyes	
MSM	-12.0	-6.0	-18.0	-16.4	17.6	-19.200000000000003	-17.0	-2.0	-15.0	-6.0	-5.0	-2.0	-1.0	1.0	1.0	0.0	-17.0	Line: WVU -17.0	WVU	17.0	Mount St. Mary's Mountaineers	
WVU	12.0	6.0	18.0	16.4	-17.6	19.200000000000003	17.0	2.0	15.0	6.0	5.0	2.0	1.0	-1.0	-1.0	0.0	17.0	Line: WVU -17.0	WVU	-17.0	West Virginia Mountaineers	
UTM	-13.0	-9.0	-22.0	-4.300000000000004	-11.0	-11.400000000000006	-10.0	-6.0	-4.0	-14.0	2.0	-8.0	2.0	6.0	-2.0	0.0	-33.0	Line: PITT -8.5	PITT	8.5	UT Martin Skyhawks	
PITT	13.0	9.0	22.0	4.300000000000004	11.0	11.400000000000006	10.0	6.0	4.0	14.0	-2.0	8.0	-2.0	-6.0	2.0	0.0	33.0	Line: PITT -8.5	PITT	-8.5	Pittsburgh Panthers	
STET	7.0	2.0	9.0	1.7000000000000028	-2.8999999999999986	16.9	3.0	0.0	3.0	6.0	2.0	0.0	-1.0	5.0	0.0	0.0	15.0	Line: FSU -18.0	FSU	18.0	Stetson Hatters	
FSU	-7.0	-2.0	-9.0	-1.7000000000000028	2.8999999999999986	-16.9	-3.0	0.0	-3.0	-6.0	-2.0	0.0	1.0	-5.0	0.0	0.0	-15.0	Line: FSU -18.0	FSU	-18.0	Florida State Seminoles	
CIT	-14.0	3.0	-11.0	-3.3000000000000043	12.2	11.099999999999994	-12.0	-8.0	-4.0	-8.0	-7.0	2.0	5.0	3.0	0.0	0.0	-14.0	Line: CLEM -18.0	CLEM	18.0	The Citadel Bulldogs	
CLEM	14.0	-3.0	11.0	3.3000000000000043	-12.2	-11.099999999999994	12.0	8.0	4.0	8.0	7.0	-2.0	-5.0	-3.0	0.0	0.0	14.0	Line: CLEM -18.0	CLEM	-18.0	Clemson Tigers	
YSU	23.0	-12.0	11.0	16.1	16.700000000000003	-22.400000000000006	22.0	5.0	17.0	1.0	-2.0	1.0	10.0	4.0	0.0	0.0	25.0	Line: YSU -4.0	YSU	-4.0	Youngstown State Penguins	
CAN	-23.0	12.0	-11.0	-16.1	-16.700000000000003	22.400000000000006	-22.0	-5.0	-17.0	-1.0	2.0	-1.0	-10.0	-4.0	0.0	0.0	-25.0	Line: YSU -4.0	YSU	4.0	Canisius Golden Griffins	
TXST	-7.0	-15.0	-22.0	-6.700000000000003	-20.0	-20.5	-14.0	-6.0	-8.0	-8.0	-2.0	-4.0	-1.0	-4.0	0.0	0.0	-23.0	Line: WSU -12.0	WSU	12.0	Texas State Bobcats	
WSU	7.0	15.0	22.0	6.700000000000003	20.0	20.5	14.0	6.0	8.0	8.0	2.0	4.0	1.0	4.0	0.0	0.0	23.0	Line: WSU -12.0	WSU	-12.0	Washington State Cougars	
NE	-5.0	-4.0	-9.0	-2.0	-4.399999999999999	12.900000000000006	3.0	-2.0	5.0	-4.0	0.0	1.0	7.0	0.0	-1.0	0.0	-10.0	Line: BU -2.0	BU	2.0	Northeastern Huskies	
BU	5.0	4.0	9.0	2.0	4.399999999999999	-12.900000000000006	-3.0	2.0	-5.0	4.0	0.0	-1.0	-7.0	0.0	1.0	0.0	10.0	Line: BU -2.0	BU	-2.0	Boston University Terriers	
HOF	-4.0	10.0	6.0	5.299999999999997	16.200000000000003	-3.299999999999997	-4.0	-3.0	-1.0	-1.0	2.0	-1.0	-2.0	8.0	0.0	0.0	-1.0	Line: PRIN -2.0	PRIN	2.0	Hofstra Pride	
PRIN	4.0	-10.0	-6.0	-5.299999999999997	-16.200000000000003	3.299999999999997	4.0	3.0	1.0	1.0	-2.0	1.0	2.0	-8.0	0.0	0.0	1.0	Line: PRIN -2.0	PRIN	-2.0	Princeton Tigers	
UTC	-11.0	4.0	-7.0	4.0	3.6000000000000014	-9.399999999999991	2.0	-1.0	3.0	7.0	-3.0	0.0	6.0	5.0	0.0	0.0	-10.0	Line: COFC -4.5	COFC	4.5	Chattanooga Mocs	
COFC	11.0	-4.0	7.0	-4.0	-3.6000000000000014	9.399999999999991	-2.0	1.0	-3.0	-7.0	3.0	0.0	-6.0	-5.0	0.0	0.0	10.0	Line: COFC -4.5	COFC	-4.5	Charleston Cougars	
AMCC	5.0	-24.0	-19.0	-10.299999999999997	6.0	46.2	-9.0	-4.0	-5.0	-7.0	-5.0	-4.0	5.0	6.0	0.0	0.0	-7.0	Line: MSST -15.0	MSST	15.0	Texas A&M-Corpus Christi Islanders	
MSST	-5.0	24.0	19.0	10.299999999999997	-6.0	-46.2	9.0	4.0	5.0	7.0	5.0	4.0	-5.0	-6.0	0.0	0.0	7.0	Line: MSST -15.0	MSST	-15.0	Mississippi State Bulldogs	
OHIO	-7.0	6.0	-1.0	-5.800000000000004	17.0	35.10000000000001	4.0	3.0	1.0	-9.0	-3.0	-6.0	1.0	3.0	0.0	0.0	-3.0	Line: BEL -6.0	BEL	6.0	Ohio Bobcats	
BEL	7.0	-6.0	1.0	5.800000000000004	-17.0	-35.10000000000001	-4.0	-3.0	-1.0	9.0	3.0	6.0	-1.0	-3.0	0.0	0.0	3.0	Line: BEL -6.0	BEL	-6.0	Belmont Bruins	
NAVY	2.0	13.0	15.0	8.0	19.0	-3.299999999999997	9.0	3.0	6.0	6.0	-1.0	-3.0	0.0	-1.0	0.0	0.0	12.0	Line: NAVY -2.0	NAVY	-2.0	Navy Midshipmen	
W&M	-2.0	-13.0	-15.0	-8.0	-19.0	3.299999999999997	-9.0	-3.0	-6.0	-6.0	1.0	3.0	0.0	1.0	0.0	0.0	-12.0	Line: NAVY -2.0	NAVY	2.0	William & Mary Tribe	
CCSU	-8.0	-19.0	-27.0	-12.600000000000001	-16.4	-8.299999999999997	-19.0	-7.0	-12.0	-9.0	0.0	-1.0	0.0	2.0	0.0	0.0	-30.0	Line: MASS -17.0	MASS	17.0	Central Connecticut Blue Devils	
MASS	8.0	19.0	27.0	12.600000000000001	16.4	8.299999999999997	19.0	7.0	12.0	9.0	0.0	1.0	0.0	-2.0	0.0	0.0	30.0	Line: MASS -17.0	MASS	-17.0	UMass Minutemen	
DART	-5.0	-9.0	-14.0	-15.0	5.799999999999997	5.099999999999994	-7.0	0.0	-7.0	6.0	-4.0	-5.0	2.0	-3.0	0.0	0.0	-12.0	Line: FOR -6.0	FOR	6.0	Dartmouth Big Green	
FOR	5.0	9.0	14.0	15.0	-5.799999999999997	-5.099999999999994	7.0	0.0	7.0	-6.0	4.0	5.0	-2.0	3.0	0.0	0.0	12.0	Line: FOR -6.0	FOR	-6.0	Fordham Rams	
ALST	-19.0	-22.0	-41.0	-21.5	-5.399999999999999	5.700000000000003	-10.0	4.0	-14.0	-1.0	-2.0	1.0	4.0	13.0	1.0	0.0	-43.0	Line: UAB -26.0	UAB	26.0	Alabama State Hornets	
UAB	19.0	22.0	41.0	21.5	5.399999999999999	-5.700000000000003	10.0	-4.0	14.0	1.0	2.0	-1.0	-4.0	-13.0	-1.0	0.0	43.0	Line: UAB -26.0	UAB	-26.0	UAB Blazers	
STO	-19.0	-12.0	-31.0	-10.399999999999999	8.599999999999998	6.299999999999997	-20.0	-12.0	-8.0	-7.0	-1.0	-6.0	9.0	1.0	0.0	0.0	-30.0	Line: CONN -30.5	CONN	30.5	Stonehill Skyhawks	
CONN	19.0	12.0	31.0	10.399999999999999	-8.599999999999998	-6.299999999999997	20.0	12.0	8.0	7.0	1.0	6.0	-9.0	-1.0	0.0	0.0	30.0	Line: CONN -30.5	CONN	-30.5	UConn Huskies	
LAF	2.0	-15.0	-13.0	0.29999999999999716	0.0	-22.5	-12.0	-9.0	-3.0	1.0	-5.0	1.0	5.0	4.0	0.0	0.0	-9.0	Line: MIA -26.5	MIA	26.5	Lafayette Leopards	
MIA	-2.0	15.0	13.0	-0.29999999999999716	0.0	22.5	12.0	9.0	3.0	-1.0	5.0	-1.0	-5.0	-4.0	0.0	0.0	9.0	Line: MIA -26.5	MIA	-26.5	Miami Hurricanes	
MORG	-24.0	1.0	-23.0	-14.5	-6.300000000000004	-2.299999999999997	-18.0	-1.0	-17.0	-13.0	2.0	-7.0	-2.0	8.0	0.0	0.0	-30.0	Line: XAV -23.5	XAV	23.5	Morgan State Bears	
XAV	24.0	-1.0	23.0	14.5	6.300000000000004	2.299999999999997	18.0	1.0	17.0	13.0	-2.0	7.0	2.0	-8.0	0.0	0.0	30.0	Line: XAV -23.5	XAV	-23.5	Xavier Musketeers	
L-MD	-13.0	7.0	-6.0	-3.1000000000000014	12.100000000000001	-30.699999999999996	-1.0	2.0	-3.0	-1.0	-4.0	-3.0	1.0	3.0	0.0	0.0	-14.0	Line: DEP -13.5	DEP	13.5	Loyola Maryland Greyhounds	
DEP	13.0	-7.0	6.0	3.1000000000000014	-12.100000000000001	30.699999999999996	1.0	-2.0	3.0	1.0	4.0	3.0	-1.0	-3.0	0.0	0.0	14.0	Line: DEP -13.5	DEP	-13.5	DePaul Blue Demons	
JKST	-20.0	11.0	-9.0	-0.3999999999999986	-18.1	16.400000000000006	7.0	2.0	5.0	-3.0	-3.0	-4.0	6.0	4.0	0.0	0.0	-18.0	Line: ACU -16.5	ACU	16.5	Jackson State Tigers	
ACU	20.0	-11.0	9.0	0.3999999999999986	18.1	-16.400000000000006	-7.0	-2.0	-5.0	3.0	3.0	4.0	-6.0	-4.0	0.0	0.0	18.0	Line: ACU -16.5	ACU	-16.5	Abilene Christian Wildcats	
WIU	-7.0	10.0	3.0	5.600000000000001	4.5	-14.0	-16.0	-6.0	-10.0	12.0	2.0	0.0	-9.0	1.0	-1.0	0.0	-7.0	Line: ILST -9.5	ILST	9.5	Western Illinois Leathernecks	
ILST	7.0	-10.0	-3.0	-5.600000000000001	-4.5	14.0	16.0	6.0	10.0	-12.0	-2.0	0.0	9.0	-1.0	1.0	0.0	7.0	Line: ILST -9.5	ILST	-9.5	Illinois State Redbirds	
LR	-27.0	-4.0	-31.0	-17.6	-26.2	-30.6	-23.0	-3.0	-20.0	-12.0	7.0	0.0	-11.0	-1.0	0.0	0.0	-31.0	Line: SIU -14.5	SIU	14.5	Little Rock Trojans	
SIU	27.0	4.0	31.0	17.6	26.2	30.6	23.0	3.0	20.0	12.0	-7.0	0.0	11.0	1.0	0.0	0.0	31.0	Line: SIU -14.5	SIU	-14.5	Southern Illinois Salukis	
SEMO	0.0	3.0	3.0	-10.5	17.4	16.200000000000003	1.0	3.0	-2.0	2.0	0.0	-1.0	-1.0	2.0	0.0	0.0	-2.0	Line: USF -11.0	USF	11.0	Southeast Missouri State Redhawks	
USF	0.0	-3.0	-3.0	10.5	-17.4	-16.200000000000003	-1.0	-3.0	2.0	-2.0	0.0	1.0	1.0	-2.0	0.0	0.0	2.0	Line: USF -11.0	USF	-11.0	South Florida Bulls	
UNCA	3.0	-3.0	3.0	5.799999999999997	7.599999999999998	-0.20000000000000284	3.0	-5.0	8.0	1.0	-1.0	1.0	5.0	-3.0	0.0	0.0	-1.0	Line: UCF -7.5	UCF	7.5	UNC Asheville Bulldogs	22.0
UCF	-3.0	3.0	-3.0	-5.799999999999997	-7.599999999999998	0.20000000000000284	-3.0	5.0	-8.0	-1.0	1.0	-1.0	-5.0	3.0	0.0	0.0	1.0	Line: UCF -7.5	UCF	-7.5	UCF Knights	19.0
MUR	-15.0	-8.0	-23.0	-10.199999999999996	-0.49999999999999645	-0.5999999999999943	-14.0	-7.0	-7.0	-16.0	-2.0	1.0	1.0	1.0	1.0	0.0	-16.0	Line: SLU -13.0	SLU	13.0	Murray State Racers	
SLU	15.0	8.0	23.0	10.199999999999996	0.49999999999999645	0.5999999999999943	14.0	7.0	7.0	16.0	2.0	-1.0	-1.0	-1.0	-1.0	0.0	16.0	Line: SLU -13.0	SLU	-13.0	Saint Louis Billikens	
FDU	-2.0	2.0	-6.0	-6.299999999999997	2.8000000000000007	-4.0	-3.0	3.0	-6.0	-10.0	2.0	-3.0	-3.0	2.0	0.0	0.0	-8.0	Line: LUC -26.0	LUC	26.0	Fairleigh Dickinson Knights	5.0
LUC	2.0	-2.0	6.0	6.299999999999997	-2.8000000000000007	4.0	3.0	-3.0	6.0	10.0	-2.0	3.0	3.0	-2.0	0.0	0.0	8.0	Line: LUC -26.0	LUC	-26.0	Loyola Chicago Ramblers	11.0
CARK	-20.0	-4.0	-24.0	-13.699999999999996	-15.3	9.799999999999997	-5.0	5.0	-10.0	-2.0	-3.0	-4.0	4.0	4.0	0.0	0.0	-28.0	Line: WICH -17.5	WICH	17.5	Central Arkansas Bears	
WICH	20.0	4.0	24.0	13.699999999999996	15.3	-9.799999999999997	5.0	-5.0	10.0	2.0	3.0	4.0	-4.0	-4.0	0.0	0.0	28.0	Line: WICH -17.5	WICH	-17.5	Wichita State Shockers	
CHST	-16.0	-15.0	-31.0	-17.5	-21.1	-12.200000000000003	-12.0	1.0	-13.0	-11.0	-2.0	1.0	-2.0	10.0	1.0	0.0	-37.0	Line: NU -23.5	NU	23.5	Chicago State Cougars	
NU	16.0	15.0	31.0	17.5	21.1	12.200000000000003	12.0	-1.0	13.0	11.0	2.0	-1.0	2.0	-10.0	-1.0	0.0	37.0	Line: NU -23.5	NU	-23.5	Northwestern Wildcats	
ME	-12.0	-1.0	-13.0	1.0999999999999943	9.599999999999998	-55.0	-17.0	-11.0	-6.0	4.0	5.0	5.0	2.0	8.0	0.0	0.0	-15.0	Line: NEB -21.0	NEB	21.0	Maine Black Bears	
NEB	12.0	1.0	13.0	-1.0999999999999943	-9.599999999999998	55.0	17.0	11.0	6.0	-4.0	-5.0	-5.0	-2.0	-8.0	0.0	0.0	15.0	Line: NEB -21.0	NEB	-21.0	Nebraska Cornhuskers	
SHSU	-7.0	8.0	1.0	-4.400000000000006	-0.1999999999999993	-25.6	-3.0	6.0	-9.0	3.0	5.0	-4.0	-9.0	3.0	0.0	0.0	-12.0	Line: OU -16.0	OU	16.0	Sam Houston Bearkats	
OU	7.0	-8.0	-1.0	4.400000000000006	0.1999999999999993	25.6	3.0	-6.0	9.0	-3.0	-5.0	4.0	9.0	-3.0	0.0	0.0	12.0	Line: OU -16.0	OU	-16.0	Oklahoma Sooners	
IUPU	-23.0	-26.0	-49.0	-18.300000000000004	-16.200000000000003	-22.0	-16.0	-8.0	-8.0	-16.0	-8.0	-2.0	15.0	6.0	0.0	0.0	-46.0	Line: ISU -26.5	ISU	26.5	IUPUI Jaguars	
ISU	23.0	26.0	49.0	18.300000000000004	16.200000000000003	22.0	16.0	8.0	8.0	16.0	8.0	2.0	-15.0	-6.0	0.0	0.0	46.0	Line: ISU -26.5	ISU	-26.5	Iowa State Cyclones	
MEM	12.0	-3.0	9.0	9.799999999999997	-13.7	29.5	7.0	-1.0	8.0	0.0	0.0	-1.0	0.0	0.0	0.0	0.0	19.0	Line: MEM -2.5	MEM	-2.5	Memphis Tigers	
VAN	-12.0	3.0	-9.0	-9.799999999999997	13.7	-29.5	-7.0	1.0	-8.0	0.0	0.0	1.0	0.0	0.0	0.0	0.0	-19.0	Line: MEM -2.5	MEM	2.5	Vanderbilt Commodores	
ULM	-14.0	-19.0	-33.0	-23.699999999999996	-36.2	10.300000000000004	-11.0	0.0	-11.0	-15.0	7.0	1.0	2.0	-7.0	0.0	0.0	-38.0	Line: TA&M -20.5	TA&M	20.5	UL Monroe Warhawks	
TA&M	14.0	19.0	33.0	23.699999999999996	36.2	-10.300000000000004	11.0	0.0	11.0	15.0	-7.0	-1.0	-2.0	7.0	0.0	0.0	38.0	Line: TA&M -20.5	TA&M	-20.5	Texas A&M Aggies	
USI	-16.0	10.0	-6.0	0.3999999999999986	25.0	3.5999999999999943	-5.0	-5.0	0.0	-5.0	-5.0	1.0	11.0	4.0	0.0	0.0	-20.0	Line: MIZ -19.5	MIZ	19.5	Southern Indiana Screaming Eagles	
MIZ	16.0	-10.0	6.0	-0.3999999999999986	-25.0	-3.5999999999999943	5.0	5.0	0.0	5.0	5.0	-1.0	-11.0	-4.0	0.0	0.0	20.0	Line: MIZ -19.5	MIZ	-19.5	Missouri Tigers	
WCU	-15.0	2.0	-13.0	-14.0	3.299999999999997	8.5	-16.0	-4.0	-12.0	1.0	3.0	-4.0	-7.0	-1.0	0.0	0.0	-18.0	Line: UGA -13.5	UGA	13.5	Western Carolina Catamounts	
UGA	15.0	-2.0	13.0	14.0	-3.299999999999997	-8.5	16.0	4.0	12.0	-1.0	-3.0	4.0	7.0	1.0	0.0	0.0	18.0	Line: UGA -13.5	UGA	-13.5	Georgia Bulldogs	
STBK	-16.0	-20.0	-36.0	-16.7	-18.6	-18.400000000000006	-16.0	-5.0	-11.0	-3.0	-2.0	-2.0	8.0	2.0	0.0	0.0	-38.0	Line: FLA -26.5	FLA	26.5	Stony Brook Seawolves	
FLA	16.0	20.0	36.0	16.7	18.6	18.400000000000006	16.0	5.0	11.0	3.0	2.0	2.0	-8.0	-2.0	0.0	0.0	38.0	Line: FLA -26.5	FLA	-26.5	Florida Gators	
FAIR	-7.0	-5.0	-12.0	-0.8999999999999986	0.3000000000000007	-21.500000000000007	-6.0	-1.0	-5.0	-3.0	-5.0	3.0	3.0	9.0	0.0	0.0	-8.0	Line: WAKE -13.0	WAKE	13.0	Fairfield Stags	
WAKE	7.0	5.0	12.0	0.8999999999999986	-0.3000000000000007	21.500000000000007	6.0	1.0	5.0	3.0	5.0	-3.0	-3.0	-9.0	0.0	0.0	8.0	Line: WAKE -13.0	WAKE	-13.0	Wake Forest Demon Deacons	
LEH	-18.0	0.0	-18.0	-11.600000000000001	-11.899999999999999	-0.5	-13.0	-2.0	-11.0	3.0	-1.0	-5.0	-1.0	9.0	0.0	0.0	-22.0	Line: SYR -17.0	SYR	17.0	Lehigh Mountain Hawks	
SYR	18.0	0.0	18.0	11.600000000000001	11.899999999999999	0.5	13.0	2.0	11.0	-3.0	1.0	5.0	1.0	-9.0	0.0	0.0	22.0	Line: SYR -17.0	SYR	-17.0	Syracuse Orange	
APSU	-28.0	-21.0	-49.0	-30.7	-26.799999999999997	5.0	-13.0	-1.0	-12.0	-12.0	-4.0	-5.0	6.0	-6.0	0.0	0.0	-51.0	Line: NCST -13.0	NCST	13.0	Austin Peay Governors	
NCST	28.0	21.0	49.0	30.7	26.799999999999997	-5.0	13.0	1.0	12.0	12.0	4.0	5.0	-6.0	6.0	0.0	0.0	51.0	Line: NCST -13.0	NCST	-13.0	NC State Wolfpack	
COR	-2.0	0.0	-2.0	-1.2000000000000028	12.600000000000001	0.7000000000000028	-6.0	-5.0	-1.0	-1.0	-3.0	-1.0	5.0	1.0	0.0	0.0	-5.0	Line: BC -9.0	BC	9.0	Cornell Big Red	
BC	2.0	0.0	2.0	1.2000000000000028	-12.600000000000001	-0.7000000000000028	6.0	5.0	1.0	1.0	3.0	1.0	-5.0	-1.0	0.0	0.0	5.0	Line: BC -9.0	BC	-9.0	Boston College Eagles	
EVAN	4.0	0.0	4.0	3.4000000000000057	4.299999999999997	-5.0	2.0	0.0	2.0	-2.0	-2.0	1.0	-1.0	1.0	-1.0	0.0	12.0	Line: M-OH -5.5	M-OH	5.5	Evansville Purple Aces	
M-OH	-4.0	0.0	-4.0	-3.4000000000000057	-4.299999999999997	5.0	-2.0	0.0	-2.0	2.0	2.0	-1.0	1.0	-1.0	1.0	0.0	-12.0	Line: M-OH -5.5	M-OH	-5.5	Miami (OH) Redhawks	
UND	0.0	8.0	8.0	5.899999999999999	10.0	0.0	3.0	-4.0	7.0	4.0	-6.0	4.0	1.0	-10.0	-1.0	0.0	6.0	Line: UND -2.5	UND	-2.5	North Dakota Fighting Hawks	
UIW	0.0	-8.0	-8.0	-5.899999999999999	-10.0	0.0	-3.0	4.0	-7.0	-4.0	6.0	-4.0	-1.0	10.0	1.0	0.0	-6.0	Line: UND -2.5	UND	2.5	Incarnate Word Cardinals	
TAMC	-4.0	-13.0	-17.0	-15.200000000000003	5.0	-13.299999999999997	-8.0	4.0	-12.0	-3.0	1.0	-6.0	-4.0	7.0	2.0	0.0	-20.0	Line: SMU -17.0	SMU	17.0	Texas A&M-Commerce Lions	
SMU	4.0	13.0	17.0	15.200000000000003	-5.0	13.299999999999997	8.0	-4.0	12.0	3.0	-1.0	6.0	4.0	-7.0	-2.0	0.0	20.0	Line: SMU -17.0	SMU	-17.0	SMU Mustangs	
UMBC	-13.0	-9.0	-22.0	-16.1	-9.7	6.400000000000006	-9.0	-5.0	-4.0	-1.0	-1.0	0.0	2.0	0.0	0.0	0.0	-25.0	Line: TULN -16.5	TULN	16.5	UMBC Retrievers	
TULN	13.0	9.0	22.0	16.1	9.7	-6.400000000000006	9.0	5.0	4.0	1.0	1.0	0.0	-2.0	0.0	0.0	0.0	25.0	Line: TULN -16.5	TULN	-16.5	Tulane Green Wave	
UCR	-18.0	2.0	-16.0	-6.600000000000001	-27.200000000000003	-21.5	1.0	3.0	-2.0	-8.0	-4.0	0.0	2.0	10.0	0.0	0.0	-20.0	Line: COLO -11.0	COLO	11.0	UC Riverside Highlanders	
COLO	18.0	-2.0	16.0	6.600000000000001	27.200000000000003	21.5	-1.0	-3.0	2.0	8.0	4.0	0.0	-2.0	-10.0	0.0	0.0	20.0	Line: COLO -11.0	COLO	-11.0	Colorado Buffaloes	
SDAK	-10.0	-16.0	-26.0	-10.5	-32.900000000000006	-9.200000000000003	-3.0	1.0	-4.0	-7.0	-3.0	-2.0	0.0	5.0	0.0	0.0	-27.0	Line: WISC -12.0	WISC	12.0	South Dakota Coyotes	
WISC	10.0	16.0	26.0	10.5	32.900000000000006	9.200000000000003	3.0	-1.0	4.0	7.0	3.0	2.0	0.0	-5.0	0.0	0.0	27.0	Line: WISC -12.0	WISC	-12.0	Wisconsin Badgers	
RAD	-8.0	-2.0	-10.0	-4.5	-6.300000000000001	-20.0	-7.0	-1.0	-6.0	-7.0	-1.0	0.0	-3.0	0.0	0.0	0.0	-21.0	Line: MARQ -19.5	MARQ	19.5	Radford Highlanders	
MARQ	8.0	2.0	10.0	4.5	6.300000000000001	20.0	7.0	1.0	6.0	7.0	1.0	0.0	3.0	0.0	0.0	0.0	21.0	Line: MARQ -19.5	MARQ	-19.5	Marquette Golden Eagles	
MTST	17.0	-23.0	-6.0	-4.899999999999999	-5.5	4.0	1.0	2.0	-1.0	2.0	1.0	4.0	0.0	2.0	0.0	0.0	13.0	Line: GCU -6.5	GCU	6.5	Montana State Bobcats	
GCU	-17.0	23.0	6.0	4.899999999999999	5.5	-4.0	-1.0	-2.0	1.0	-2.0	-1.0	-4.0	0.0	-2.0	0.0	0.0	-13.0	Line: GCU -6.5	GCU	-6.5	Grand Canyon Lopes	
UTA	-5.0	-6.0	-11.0	-7.699999999999996	-0.5	9.599999999999994	-3.0	-1.0	-2.0	-6.0	3.0	-6.0	2.0	-1.0	0.0	0.0	-30.0	Line: OKST -20.5	OKST	20.5	UT Arlington Mavericks	
OKST	5.0	6.0	11.0	7.699999999999996	0.5	-9.599999999999994	3.0	1.0	2.0	6.0	-3.0	6.0	-2.0	1.0	0.0	0.0	30.0	Line: OKST -20.5	OKST	-20.5	Oklahoma State Cowboys	
IDST	-5.0	1.0	-4.0	0.7000000000000028	13.2	3.0	-12.0	-10.0	-2.0	-2.0	3.0	-2.0	-1.0	0.0	2.0	0.0	0.0	Line: BYU -23.5	BYU	23.5	Idaho State Bengals	
BYU	5.0	-1.0	4.0	-0.7000000000000028	-13.2	-3.0	12.0	10.0	2.0	2.0	-3.0	2.0	1.0	0.0	-2.0	0.0	0.0	Line: BYU -23.5	BYU	-23.5	BYU Cougars	
UVU	-13.0	-4.0	-17.0	-12.5	-26.3	18.700000000000003	-13.0	-3.0	-10.0	-9.0	5.0	-2.0	-1.0	2.0	2.0	0.0	-17.0	Line: USU -8.5	USU	8.5	Utah Valley Wolverines	
USU	13.0	4.0	17.0	12.5	26.3	-18.700000000000003	13.0	3.0	10.0	9.0	-5.0	2.0	1.0	-2.0	-2.0	0.0	17.0	Line: USU -8.5	USU	-8.5	Utah State Aggies	
SUU	-6.0	-2.0	-8.0	-1.2999999999999972	-2.3999999999999986	-5.200000000000003	2.0	1.0	1.0	-3.0	-5.0	-1.0	8.0	10.0	-1.0	0.0	-11.0	Line: UNM -8.0	UNM	8.0	Southern Utah Thunderbirds	
UNM	6.0	2.0	8.0	1.2999999999999972	2.3999999999999986	5.200000000000003	-2.0	-1.0	-1.0	3.0	5.0	1.0	-8.0	-10.0	1.0	0.0	11.0	Line: UNM -8.0	UNM	-8.0	New Mexico Lobos	
WEBB	11.0	-13.0	-2.0	-7.399999999999999	-21.999999999999996	-4.200000000000003	5.0	7.0	-2.0	-5.0	6.0	1.0	0.0	4.0	-2.0	0.0	2.0	Line: CSU -7.5	CSU	7.5	Gardner-Webb Runnin' Bulldogs	
CSU	-11.0	13.0	2.0	7.399999999999999	21.999999999999996	4.200000000000003	-5.0	-7.0	2.0	5.0	-6.0	-1.0	0.0	-4.0	2.0	0.0	-2.0	Line: CSU -7.5	CSU	-7.5	Colorado State Rams	
WMU	-9.0	8.0	-1.0	-8.300000000000004	-20.9	60.9	-2.0	3.0	-5.0	-5.0	4.0	-1.0	-6.0	8.0	0.0	0.0	-13.0	Line: MINN -9.5	MINN	9.5	Western Michigan Broncos	
MINN	9.0	-8.0	1.0	8.300000000000004	20.9	-60.9	2.0	-3.0	5.0	5.0	-4.0	1.0	6.0	-8.0	0.0	0.0	13.0	Line: MINN -9.5	MINN	-9.5	Minnesota Golden Gophers	
UTRGV	-26.0	-8.0	-34.0	-6.299999999999997	-17.7	-4.200000000000003	-6.0	-6.0	0.0	-16.0	-4.0	0.0	12.0	2.0	-2.0	0.0	-34.0	Line: KSU -18.5	KSU	18.5	UT Rio Grande Valley Vaqueros	
KSU	26.0	8.0	34.0	6.299999999999997	17.7	4.200000000000003	6.0	6.0	0.0	16.0	4.0	0.0	-12.0	-2.0	2.0	0.0	34.0	Line: KSU -18.5	KSU	-18.5	Kansas State Wildcats	
ALCN	-1.0	-14.0	-15.0	-0.5	10.700000000000003	10.399999999999991	-12.0	-8.0	-4.0	1.0	3.0	0.0	2.0	9.0	0.0	0.0	-12.0	Line: MISS -20.0	MISS	20.0	Alcorn State Braves	
MISS	1.0	14.0	15.0	0.5	-10.700000000000003	-10.399999999999991	12.0	8.0	4.0	-1.0	-3.0	0.0	-2.0	-9.0	0.0	0.0	12.0	Line: MISS -20.0	MISS	-20.0	Ole Miss Rebels	
DSU	-25.0	-13.0	-38.0	-16.299999999999997	-25.0	-3.5999999999999943	-18.0	-4.0	-14.0	-9.0	0.0	-2.0	2.0	8.0	0.0	0.0	-36.0	Line: VT -34.0	VT	34.0	Delaware State Hornets	
VT	25.0	13.0	38.0	16.299999999999997	25.0	3.5999999999999943	18.0	4.0	14.0	9.0	0.0	2.0	-2.0	-8.0	0.0	0.0	36.0	Line: VT -34.0	VT	-34.0	Virginia Tech Hokies	
FGCU	-1.0	14.0	13.0	-2.8999999999999986	13.8	5.299999999999997	11.0	9.0	2.0	-2.0	-2.0	-5.0	-4.0	2.0	0.0	0.0	9.0	Line: USC -18.0	USC	18.0	Florida Gulf Coast Eagles	
USC	1.0	-14.0	-13.0	2.8999999999999986	-13.8	-5.299999999999997	-11.0	-9.0	-2.0	2.0	2.0	5.0	4.0	-2.0	0.0	0.0	-9.0	Line: USC -18.0	USC	-18.0	USC Trojans	
TXSO	-15.0	2.0	-13.0	-22.0	-7.799999999999997	-6.000000000000007	-24.0	1.0	-25.0	-9.0	3.0	-1.0	-13.0	-9.0	0.0	0.0	-17.0	Line: SF -15.0	SF	15.0	Texas Southern Tigers	
SF	15.0	-2.0	13.0	22.0	7.799999999999997	6.000000000000007	24.0	-1.0	25.0	9.0	-3.0	1.0	13.0	9.0	0.0	0.0	17.0	Line: SF -15.0	SF	-15.0	San Francisco Dons	
ORU	-18.0	10.0	-8.0	-0.5999999999999943	8.0	-0.8000000000000114	-5.0	-3.0	-2.0	2.0	-6.0	3.0	7.0	7.0	0.0	0.0	-20.0	Line: SMC -9.5	SMC	9.5	Oral Roberts Golden Eagles	
SMC	18.0	-10.0	8.0	0.5999999999999943	-8.0	0.8000000000000114	5.0	3.0	2.0	-2.0	6.0	-3.0	-7.0	-7.0	0.0	0.0	20.0	Line: SMC -9.5	SMC	-9.5	Saint Mary's Gaels	
EWU	-6.0	-6.0	-12.0	4.900000000000006	-8.3	-14.200000000000003	-10.0	-9.0	-1.0	2.0	-3.0	-1.0	6.0	4.0	1.0	0.0	-4.0	Line: SCU -6.5	SCU	6.5	Eastern Washington Eagles	
SCU	6.0	6.0	12.0	-4.900000000000006	8.3	14.200000000000003	10.0	9.0	1.0	-2.0	3.0	1.0	-6.0	-4.0	-1.0	0.0	4.0	Line: SCU -6.5	SCU	-6.5	Santa Clara Broncos	
LBSU	7.0	8.0	15.0	18.5	17.1	-2.9000000000000057	7.0	-2.0	9.0	4.0	4.0	1.0	-2.0	2.0	0.0	0.0	14.0	Line: CBU -4.0	CBU	4.0	Long Beach State Beach	
CBU	-7.0	-8.0	-15.0	-18.5	-17.1	2.9000000000000057	-7.0	2.0	-9.0	-4.0	-4.0	-1.0	2.0	-2.0	0.0	0.0	-14.0	Line: CBU -4.0	CBU	-4.0	California Baptist Lancers	
SEA	13.0	1.0	14.0	-1.0	16.200000000000003	-15.100000000000001	7.0	8.0	-1.0	7.0	1.0	2.0	-2.0	2.0	1.0	0.0	16.0	Line: SEA -3.0	SEA	-3.0	Seattle U Redhawks	
UCSD	-13.0	-1.0	-14.0	1.0	-16.200000000000003	15.100000000000001	-7.0	-8.0	1.0	-7.0	-1.0	-2.0	2.0	-2.0	-1.0	0.0	-16.0	Line: SEA -3.0	SEA	3.0	UC San Diego Tritons	
UTU	-5.0	-8.0	-13.0	-12.100000000000001	6.399999999999999	-0.9000000000000057	-2.0	3.0	-5.0	-9.0	-3.0	-9.0	4.0	2.0	0.0	0.0	-14.0	Line: NEV -12.0	NEV	12.0	Utah Tech Trailblazers	
NEV	5.0	8.0	13.0	12.100000000000001	-6.399999999999999	0.9000000000000057	2.0	-3.0	5.0	9.0	3.0	9.0	-4.0	-2.0	0.0	0.0	14.0	Line: NEV -12.0	NEV	-12.0	Nevada Wolf Pack	
RICE	-8.0	-31.0	-39.0	-24.799999999999997	-18.7	-34.1	-10.0	4.0	-14.0	-8.0	-1.0	-2.0	1.0	-8.0	0.0	0.0	-34.0	Line: PEPP -4.5	PEPP	4.5	Rice Owls	
PEPP	8.0	31.0	39.0	24.799999999999997	18.7	34.1	10.0	-4.0	14.0	8.0	1.0	2.0	-1.0	8.0	0.0	0.0	34.0	Line: PEPP -4.5	PEPP	-4.5	Pepperdine Waves	
SOU	-8.0	-2.0	-10.0	4.4999999999999964	13.200000000000001	-12.799999999999997	4.0	1.0	3.0	4.0	-1.0	-2.0	10.0	11.0	0.0	0.0	-14.0	Line: UNLV -14.0	UNLV	14.0	Southern Jaguars	
UNLV	8.0	2.0	10.0	-4.4999999999999964	-13.200000000000001	12.799999999999997	-4.0	-1.0	-3.0	-4.0	1.0	2.0	-10.0	-11.0	0.0	0.0	14.0	Line: UNLV -14.0	UNLV	-14.0	UNLV Rebels	
WEB	-8.0	-9.0	-17.0	-11.5	-14.200000000000003	19.0	-11.0	-5.0	-6.0	2.0	-3.0	-7.0	3.0	2.0	0.0	0.0	-11.0	Line: WASH -13.5	WASH	13.5	Weber State Wildcats	
WASH	8.0	9.0	17.0	11.5	14.200000000000003	-19.0	11.0	5.0	6.0	-2.0	3.0	7.0	-3.0	-2.0	0.0	0.0	11.0	Line: WASH -13.5	WASH	-13.5	Washington Huskies	
LIU	-14.0	-27.0	-41.0	-9.5	-8.7	-17.9	-19.0	-11.0	-8.0	-1.0	-6.0	-7.0	10.0	4.0	0.0	0.0	-41.0	Line: UTAH -25.0	UTAH	25.0	Long Island University Sharks	
UTAH	14.0	27.0	41.0	9.5	8.7	17.9	19.0	11.0	8.0	1.0	6.0	7.0	-10.0	-4.0	0.0	0.0	41.0	Line: UTAH -25.0	UTAH	-25.0	Utah Utes	
UCD	5.0	5.0	10.0	10.100000000000001	14.299999999999997	-8.099999999999994	6.0	-2.0	8.0	5.0	2.0	-4.0	-1.0	-4.0	0.0	0.0	5.0	Line: CAL -5.5	CAL	5.5	UC Davis Aggies	
CAL	-5.0	-5.0	-10.0	-10.100000000000001	-14.299999999999997	8.099999999999994	-6.0	2.0	-8.0	-5.0	-2.0	4.0	1.0	4.0	0.0	0.0	-5.0	Line: CAL -5.5	CAL	-5.5	California Golden Bears	
TLSA	16.0	-19.0	-3.0	-13.600000000000001	0.0	-8.799999999999997	-6.0	5.0	-11.0	-1.0	6.0	-10.0	-7.0	-3.0	2.0	0.0	12.0	Line: ORST -3.0	ORST	3.0	Tulsa Golden Hurricane	
ORST	-16.0	19.0	3.0	13.600000000000001	0.0	8.799999999999997	6.0	-5.0	11.0	1.0	-6.0	10.0	7.0	3.0	-2.0	0.0	-12.0	Line: ORST -3.0	ORST	-3.0	Oregon State Beavers	
RID	10.0	-11.0	-1.0	5.399999999999999	43.199999999999996	19.5	-3.0	-4.0	1.0	4.0	-5.0	-6.0	5.0	14.0	0.0	0.0	5.0	Line: PROV -13.0	PROV	13.0	Rider Broncs	
PROV	-10.0	11.0	1.0	-5.399999999999999	-43.199999999999996	-19.5	3.0	4.0	-1.0	-4.0	5.0	6.0	-5.0	-14.0	0.0	0.0	-5.0	Line: PROV -13.0	PROV	-13.0	Providence Friars	
MILW	-19.0	-12.0	-31.0	0.7999999999999972	-19.499999999999996	-37.4	-18.0	-11.0	-7.0	-8.0	-7.0	-6.0	10.0	7.0	0.0	0.0	-34.0	Line: PUR -25.0	PUR	25.0	Milwaukee Panthers	
PUR	19.0	12.0	31.0	-0.7999999999999972	19.499999999999996	37.4	18.0	11.0	7.0	8.0	7.0	6.0	-10.0	-7.0	0.0	0.0	34.0	Line: PUR -25.0	PUR	-25.0	Purdue Boilermakers	
SHU	9.0	-2.0	7.0	0.8999999999999986	6.300000000000001	-29.300000000000004	2.0	4.0	-2.0	8.0	3.0	0.0	-3.0	1.0	0.0	0.0	4.0	Line: SHU -6.0	SHU	-6.0	Sacred Heart Pioneers	
HART	-9.0	2.0	-7.0	-0.8999999999999986	-6.300000000000001	29.300000000000004	-2.0	-4.0	2.0	-8.0	-3.0	0.0	3.0	-1.0	0.0	0.0	-4.0	Line: SHU -6.0	SHU	6.0	Hartford Hawks	
MER	9.0	-11.0	-2.0	3.3999999999999986	8.399999999999999	-5.399999999999999	-4.0	-2.0	-2.0	4.0	2.0	1.0	-3.0	1.0	0.0	0.0	10.0	Line: MER -1.0	MER	-1.0	Mercer Bears	
ECU	-9.0	11.0	2.0	-3.3999999999999986	-8.399999999999999	5.399999999999999	4.0	2.0	2.0	-4.0	-2.0	-1.0	3.0	-1.0	0.0	0.0	-10.0	Line: MER -1.0	MER	1.0	East Carolina Pirates	
MONT	-26.0	-2.0	-28.0	-25.900000000000006	-11.700000000000003	14.799999999999997	-13.0	0.0	-13.0	-7.0	-3.0	-4.0	0.0	-6.0	0.0	0.0	-40.0	Line: DUQ -3.5	DUQ	3.5	Montana Grizzlies	
DUQ	26.0	2.0	28.0	25.900000000000006	11.700000000000003	-14.799999999999997	13.0	0.0	13.0	7.0	3.0	4.0	0.0	6.0	0.0	0.0	40.0	Line: DUQ -3.5	DUQ	-3.5	Duquesne Dukes	
SCST	-3.0	0.0	-3.0	-0.30000000000000426	7.299999999999997	-3.0999999999999943	-7.0	-4.0	-3.0	5.0	2.0	1.0	-1.0	7.0	0.0	0.0	-14.0	Line: SC -26.0	SC	26.0	South Carolina State Bulldogs	
SC	3.0	0.0	3.0	0.30000000000000426	-7.299999999999997	3.0999999999999943	7.0	4.0	3.0	-5.0	-2.0	-1.0	1.0	-7.0	0.0	0.0	14.0	Line: SC -26.0	SC	-26.0	South Carolina Gamecocks	
COPP	-2.0	2.0	-10.0	-9.0	-4.699999999999996	8.299999999999997	-15.0	-6.0	-9.0	0.0	5.0	-4.0	-1.0	3.0	0.0	0.0	-5.0	Line: GTWN -18.5	GTWN	18.5	Coppin State Eagles	6.0
GTWN	2.0	-2.0	10.0	9.0	4.699999999999996	-8.299999999999997	15.0	6.0	9.0	0.0	-5.0	4.0	1.0	-3.0	0.0	0.0	5.0	Line: GTWN -18.5	GTWN	-18.5	Georgetown Hoyas	16.0
GASO	-9.0	-6.0	-15.0	-19.400000000000002	0.3999999999999986	28.599999999999994	0.0	5.0	-5.0	-6.0	1.0	-4.0	0.0	2.0	0.0	0.0	-21.0	Line: SJSU -3.5	SJSU	3.5	Georgia Southern Eagles	
SJSU	9.0	6.0	15.0	19.400000000000002	-0.3999999999999986	-28.599999999999994	0.0	-5.0	5.0	6.0	-1.0	4.0	0.0	-2.0	0.0	0.0	21.0	Line: SJSU -3.5	SJSU	-3.5	San José State Spartans	
DAV	-16.0	16.0	5.0	7.900000000000006	16.8	-12.199999999999996	-2.0	-8.0	6.0	2.0	-6.0	1.0	5.0	-8.0	0.0	0.0	-16.0	Line: DAV -4.5	DAV	-4.5	Davidson Wildcats	23.0
WRST	16.0	-16.0	-5.0	-7.900000000000006	-16.8	12.199999999999996	2.0	8.0	-6.0	-2.0	6.0	-1.0	-5.0	8.0	0.0	0.0	16.0	Line: DAV -4.5	DAV	4.5	Wright State Raiders	18.0
AMER	1.0	-5.0	-4.0	-7.600000000000001	-8.0	17.1	5.0	4.0	1.0	-4.0	-4.0	1.0	3.0	1.0	0.0	0.0	0.0	Line: MRST -1.5	MRST	1.5	American University Eagles	
MRST	-1.0	5.0	4.0	7.600000000000001	8.0	-17.1	-5.0	-4.0	-1.0	4.0	4.0	-1.0	-3.0	-1.0	0.0	0.0	0.0	Line: MRST -1.5	MRST	-1.5	Marist Red Foxes	
HAMP	-38.0	-10.0	-48.0	-28.300000000000004	-26.4	-28.200000000000003	-23.0	-2.0	-21.0	-10.0	-4.0	-5.0	0.0	3.0	0.0	0.0	-53.0	Line: JMU -16.0	JMU	16.0	Hampton Pirates	
JMU	38.0	10.0	48.0	28.300000000000004	26.4	28.200000000000003	23.0	2.0	21.0	10.0	4.0	5.0	0.0	-3.0	0.0	0.0	53.0	Line: JMU -16.0	JMU	-16.0	James Madison Dukes	
UTM	-8.0	-10.0	-18.0	1.6000000000000014	-3.1000000000000014	-23.299999999999997	-5.0	-6.0	1.0	1.0	-1.0	2.0	6.0	6.0	1.0	0.0	-18.0	Line: YSU -8.5	YSU	8.5	UT Martin Skyhawks	
YSU	8.0	10.0	18.0	-1.6000000000000014	3.1000000000000014	23.299999999999997	5.0	6.0	-1.0	-1.0	1.0	-2.0	-6.0	-6.0	-1.0	0.0	18.0	Line: YSU -8.5	YSU	-8.5	Youngstown State Penguins	
IUPU	-23.0	-9.0	-32.0	-25.9	-23.299999999999997	-32.1	-10.0	7.0	-17.0	-3.0	-2.0	-5.0	-4.0	-4.0	0.0	0.0	-33.0	Line: DRKE -27.5	DRKE	27.5	IUPUI Jaguars	
DRKE	23.0	9.0	32.0	25.9	23.299999999999997	32.1	10.0	-7.0	17.0	3.0	2.0	5.0	4.0	4.0	0.0	0.0	33.0	Line: DRKE -27.5	DRKE	-27.5	Drake Bulldogs	
KC	-7.0	-4.0	-11.0	-9.300000000000004	-22.1	8.599999999999994	-7.0	-2.0	-5.0	-4.0	-5.0	-3.0	1.0	-3.0	0.0	0.0	-16.0	Line: LSU -23.0	LSU	23.0	Kansas City Roos	
LSU	7.0	4.0	11.0	9.300000000000004	22.1	-8.599999999999994	7.0	2.0	5.0	4.0	5.0	3.0	-1.0	3.0	0.0	0.0	16.0	Line: LSU -23.0	LSU	-23.0	LSU Tigers	
LIP	7.0	-15.0	-8.0	-3.8999999999999986	-17.1	-11.900000000000006	-10.0	-2.0	-8.0	2.0	2.0	5.0	-4.0	4.0	0.0	0.0	3.0	Line: SDAK -6.0	SDAK	6.0	Lipscomb Bisons	
SDAK	-7.0	15.0	8.0	3.8999999999999986	17.1	11.900000000000006	10.0	2.0	8.0	-2.0	-2.0	-5.0	4.0	-4.0	0.0	0.0	-3.0	Line: SDAK -6.0	SDAK	-6.0	South Dakota Coyotes	
MONM	-19.0	-8.0	-27.0	-15.499999999999996	-24.799999999999997	7.700000000000003	-4.0	0.0	-4.0	-6.0	-5.0	-2.0	3.0	1.0	0.0	0.0	-30.0	Line: HALL -19.5	HALL	19.5	Monmouth Hawks	
HALL	19.0	8.0	27.0	15.499999999999996	24.799999999999997	-7.700000000000003	4.0	0.0	4.0	6.0	5.0	2.0	-3.0	-1.0	0.0	0.0	30.0	Line: HALL -19.5	HALL	-19.5	Seton Hall Pirates	
SDST	5.0	-3.0	2.0	1.5	17.799999999999997	-1.0999999999999943	-6.0	-4.0	-2.0	2.0	-6.0	2.0	5.0	-2.0	0.0	0.0	11.0	Line: BOIS -6.5	BOIS	6.5	South Dakota State Jackrabbits	
BOIS	-5.0	3.0	-2.0	-1.5	-17.799999999999997	1.0999999999999943	6.0	4.0	2.0	-2.0	6.0	-2.0	-5.0	2.0	0.0	0.0	-11.0	Line: BOIS -6.5	BOIS	-6.5	Boise State Broncos	
BELL	11.0	-10.0	1.0	6.5	7.400000000000006	3.200000000000003	-6.0	-7.0	1.0	-3.0	0.0	-2.0	-2.0	-4.0	0.0	0.0	6.0	Line: LOU -7.5	LOU	7.5	Bellarmine Knights	
LOU	-11.0	10.0	-1.0	-6.5	-7.400000000000006	-3.200000000000003	6.0	7.0	-1.0	3.0	0.0	2.0	2.0	4.0	0.0	0.0	-6.0	Line: LOU -7.5	LOU	-7.5	Louisville Cardinals	
FGCU	-5.0	-1.0	-6.0	-7.299999999999997	3.1000000000000014	4.200000000000003	-4.0	-2.0	-2.0	3.0	-2.0	-2.0	2.0	1.0	2.0	0.0	-6.0	Line: USD -4.5	USD	4.5	Florida Gulf Coast Eagles	
USD	5.0	1.0	6.0	7.299999999999997	-3.1000000000000014	-4.200000000000003	4.0	2.0	2.0	-3.0	2.0	2.0	-2.0	-1.0	-2.0	0.0	6.0	Line: USD -4.5	USD	-4.5	San Diego Toreros	
FAMU	-21.0	-16.0	-37.0	-24.9	-15.700000000000003	-0.5999999999999943	-16.0	-3.0	-13.0	-12.0	6.0	0.0	0.0	9.0	1.0	0.0	-41.0	Line: PORT -23.5	PORT	23.5	Florida A&M Rattlers	
PORT	21.0	16.0	37.0	24.9	15.700000000000003	0.5999999999999943	16.0	3.0	13.0	12.0	-6.0	0.0	0.0	-9.0	-1.0	0.0	41.0	Line: PORT -23.5	PORT	-23.5	Portland Pilots	
